 2   0  -0.00999641
  2   1  -0.00092723
  6   4  -0.00999641
  6   5  -0.00092723
  3   0  -0.00001146
  3   1   0.00309148
  7   4  -0.00001146
  7   5   0.00309148
  2   6   0   4  -0.06038164
  2   6   0   5  -0.02615265
  2   6   4   0   0.06038164
  2   6   4   1   0.02615265
  2   6   1   4  -0.02615265
  2   6   1   5  -0.25659079
  2   6   5   0   0.02615265
  2   6   5   1   0.25659079
  2   3   0   1  -0.03556249
  2   3   1   0   0.03556249
  2   7   0   4   0.00477531
  2   7   0   5  -0.09126530
  2   7   4   0  -0.00477531
  2   7   4   1   0.05570281
  2   7   1   4  -0.05570281
  2   7   1   5  -0.00516261
  2   7   5   0   0.09126530
  2   7   5   1   0.00516261
  6   2   0   4   0.06038164
  6   2   0   5   0.02615265
  6   2   4   0  -0.06038164
  6   2   4   1  -0.02615265
  6   2   1   4   0.02615265
  6   2   1   5   0.25659079
  6   2   5   0  -0.02615265
  6   2   5   1  -0.25659079
  6   3   0   4  -0.00477531
  6   3   0   5   0.05570281
  6   3   4   0   0.00477531
  6   3   4   1  -0.09126530
  6   3   1   4   0.09126530
  6   3   1   5   0.00516261
  6   3   5   0  -0.05570281
  6   3   5   1  -0.00516261
  6   7   4   5  -0.03556249
  6   7   5   4   0.03556249
  3   2   0   1   0.03556249
  3   2   1   0  -0.03556249
  3   6   0   4   0.00477531
  3   6   0   5  -0.05570281
  3   6   4   0  -0.00477531
  3   6   4   1   0.09126530
  3   6   1   4  -0.09126530
  3   6   1   5  -0.00516261
  3   6   5   0   0.05570281
  3   6   5   1   0.00516261
  3   7   0   4  -0.06770631
  3   7   0   5   0.01183376
  3   7   4   0   0.06770631
  3   7   4   1  -0.01183376
  3   7   1   4   0.01183376
  3   7   1   5  -0.04269949
  3   7   5   0  -0.01183376
  3   7   5   1   0.04269949
  7   2   0   4  -0.00477531
  7   2   0   5   0.09126530
  7   2   4   0   0.00477531
  7   2   4   1  -0.05570281
  7   2   1   4   0.05570281
  7   2   1   5   0.00516261
  7   2   5   0  -0.09126530
  7   2   5   1  -0.00516261
  7   6   4   5   0.03556249
  7   6   5   4  -0.03556249
  7   3   0   4   0.06770631
  7   3   0   5  -0.01183376
  7   3   4   0  -0.06770631
  7   3   4   1   0.01183376
  7   3   1   4  -0.01183376
  7   3   1   5   0.04269949
  7   3   5   0   0.01183376
  7   3   5   1  -0.04269949