   1 5 0.032959 0.0817871
   1 6 0.0187988 0.0700684
   1 7 0.0339355 0.173096
   1 8 0.109131 0.205078
   1 9 0.26709 0.203125
   1 10 0.637939 0.120117
   1 11 0.815918 0.131104
   1 12 1.74292 0.295898
   1 13 5.24512 0.212891
   1 14 12.2161 0.269043
   1 15 17.613 0.330078
   1 16 45.6921 0.448975
   1 17 82.6621 0.355225
   1 18 158.712 0.27002
   1 19 340.855 0.365967
   1 20 768.309 0.296143
   1 21 1597.55 0.340088
   1 22 3227.67 0.413086
   1 23 6591.7 0.446045
   1 24 13441.3 0.410889
   1 25 28384.7 0.427002
