# tau	p_amp	p_phase	stim_ler
4e-07	0.003992010656008516	0.001998001332666921	2.66e-06
6e-07	0.005982035946064723	0.0029955044966269995	6.32e-06
8e-07	0.007968085162939342	0.003992010656008516	7.7e-06
9e-07	0.008959621227116354	0.004489890170429445	8.96e-06
1e-06	0.009950166250832004	0.00498752080731768	9.44e-06
1.5e-06	0.014888060396937353	0.007471945180861583	1.086e-05
2e-06	0.019801326693244747	0.009950166250832004	1.344e-05
4e-06	0.03921056084767682	0.019801326693244747	0.00030324
6e-06	0.05823546641575128	0.029554466451491845	0.00371254
