# tau	p_amp	p_phase	stim_ler
3e-06	0.029554466451491845	0.014888060396937353	0.0116392
2.4999999999999998e-06	0.024690087971667385	0.012422199506118559	0.0051524
2e-06	0.019801326693244747	0.009950166250832004	0.0023138
1.5e-06	0.014888060396937353	0.007471945180861583	0.000964
1e-06	0.009950166250832004	0.00498752080731768	0.0003068
7e-07	0.0069755570667648925	0.003493882139585125	0.0001048
5e-07	0.00498752080731768	0.0024968776025399153	4e-05
3e-07	0.0029955044966269995	0.0014988755622891148	9.6e-06
1e-07	0.000999500166624978	0.000499875020830709	4e-07
