    0    10 0.113037 0.120117
    1    10 0.566895 0.220215
    2    10 1.01489 0.244873
    3    10 1.38306 0.281982
    4    10 1.54785 0.322021
    5    10 2.29492 0.448975
    6    10 2.31201 0.404053
    7    10 2.51294 0.472168
    8    10 3.0769 0.552002
    9    10 2.37012 0.443115
   10    10 3.32617 0.504883
   11    10 2.76685 0.590088
   12    10 4.10596 0.387939
   13    10 3.04004 0.809082
   14    10 4.87598 0.639893
   15    10 5.198 0.453125
   16    10 4.43384 0.480225
   17    10 5.15405 0.759033
   18    10 4.46289 0.438965
   19    10 7.33398 1.23291
   20    10 4.65698 0.876953
   21    10 5.4519 1.13696
   22    10 5.32983 0.976074
   23    10 6.12891 0.712158
   24    10 6.26709 0.977051
   25    10 7.06396 0.934814
   26    10 7.2522 0.815918
   27    10 8.12402 0.675049
   28    10 7.65601 1.01611
   29    10 7.24097 0.960205
   30    10 8.58398 0.820068
   31    10 7.50293 1.31421
   32    10 10.2869 1.04907
   33    10 10.2639 0.870117
   34    10 9.30884 0.714111
   35    10 8.27588 0.828125
   36    10 10.0361 1.06104
   37    10 11.1699 1.29297
   38    10 10.5991 1.22705
   39    10 10.1799 2.54004
   40    10 11.6418 1.13403
   41    10 12.6399 1.27295
   42    10 10.9192 0.812988
   43    10 40.3271 4.59497
   44    10 19.127 0.810059
   45    10 19.2798 0.88916
   46    10 12.657 1.08691
   47    10 11.9021 0.951904
   48    10 11.499 1.10718
   49    10 12.634 1.02905
   50    10 13.0439 1.01416
   51    10 12.8052 1.10303
   52    10 13.9099 1.177
   53    10 13.781 1.23511
   54    10 14.1931 1.10498
   55    10 14.9541 1.229
   56    10 13.6309 1.03101
   57    10 14.7319 1.13306
   58    10 14.3162 1.34717
   59    10 15.698 1.43188
   60    10 15.501 1.3689
   61    10 16.7539 1.24219
   62    10 16.5972 1.14087
   63    10 16.2322 1.96704
   64    10 16.658 1.37207
   65    10 40.7241 1.93408
   66    10 17.1191 1.64893
   67    10 17.8582 1.52002
   68    10 17.603 1.68408
   69    10 17.5388 1.54517
   70    10 17.1931 1.75415
   71    10 17.1628 2.13599
   72    10 17.7239 1.78101
   73    10 21.897 1.80298
   74    10 50.5359 1.27197
   75    10 23.186 1.82983
   76    10 26.2429 2.37891
   77    10 26.0542 1.75415
   78    10 24.353 2.81299
   79    10 26.4302 2.88501
   80    10 27.5659 3.16602
   81    10 23.7869 1.65308
   82    10 21.0022 1.81299
   83    10 21.043 1.94287
   84    10 20.9419 1.71997
   85    10 28.3889 1.46802
   86    10 23.999 1.52612
   87    10 27.3411 1.63696
   88    10 22.8611 2.35693
   89    10 24.7878 1.96704
   90    10 22.2739 2.12402
   91    10 22.647 3.13208
   92    10 23.0159 2.84985
   93    10 22.3611 2.12793
   94    10 27.8391 1.89697
   95    10 28.4631 49.752
   96    10 34.1069 1.88696
   97    10 23.3142 2.82495
   98    10 23.72 2.07812
   99    10 23.8472 1.88501
  100    10 24.196 1.90112
