    0    10 0.118164 0.0778809
    1    10 0.614014 0.230225
    2    10 0.845947 0.231934
    3    10 0.865967 0.174072
    4    10 1.11694 0.282959
    5    10 1.78101 0.472168
    6    10 2.56104 0.377197
    7    10 4.16504 0.51001
    8    10 2.3811 0.291992
    9    10 2.99512 0.597168
   10    10 2.68604 0.406006
   11    10 3.52515 0.496094
   12    10 3.20581 0.638184
   13    10 4.51318 0.412842
   14    10 3.92188 0.577148
   15    10 4.65308 1.12695
   16    10 3.95898 0.641846
   17    10 4.13599 0.727051
   18    10 5.08496 0.671143
   19    10 4.87695 0.670898
   20    10 6.73315 0.64917
   21    10 5.75879 0.544922
   22    10 6.67603 0.765869
   23    10 5.46191 0.534912
   24    10 7.31299 0.583008
   25    10 6.41113 1.13892
   26    10 6.91504 0.689941
   27    10 6.96606 0.606934
   28    10 9.45288 0.592041
   29    10 8.17188 1.34399
   30    10 8.62402 0.812012
   31    10 7.71899 0.786133
   32    10 8.70605 0.743896
   33    10 8.00781 1.86719
   34    10 8.47705 0.731934
   35    10 9.55005 0.962891
   36    10 9.96313 0.930908
   37    10 8.98804 1.604
   38    10 9.39111 0.832031
   39    10 10.96 0.813965
   40    10 10.697 0.948975
   41    10 61.134 0.989014
   42    10 10.356 1.03296
   43    10 11.4758 0.954102
   44    10 10.8472 2.26099
   45    10 12.0291 1.17505
   46    10 11.5752 1.12988
   47    10 11.875 0.977783
   48    10 11.8398 0.975098
   49    10 12.6899 1.08496
   50    10 12.7749 1.30298
   51    10 13.6309 1.18091
   52    10 13.0669 1.2229
   53    10 13.7778 1.25488
   54    10 13.6431 1.23096
   55    10 13.9229 1.1521
   56    10 15.2612 1.29395
   57    10 14.499 1.24902
   58    10 14.4829 1.18994
   59    10 15.3091 1.27588
   60    10 15.1492 1.22803
   61    10 15.2139 1.20386
   62    10 16.4338 1.11182
   63    10 15.3721 1.46289
   64    10 15.731 1.6189
   65    10 15.6201 1.49194
   66    10 16.373 1.3999
   67    10 16.7271 1.46704
   68    10 16.854 1.24805
   69    10 17.8398 1.70898
   70    10 17.075 1.78491
   71    10 17.217 1.50195
   72    10 64.5239 1.45117
   73    10 16.9551 1.43018
   74    10 18.0769 1.75415
   75    10 18.2229 1.49805
   76    10 18.3411 2.17822
   77    10 18.9771 1.71802
   78    10 18.801 1.69092
   79    10 23.334 2.91187
   80    10 24.302 3.49097
   81    10 28.811 2.68286
   82    10 24.825 3.16602
   83    10 27.011 2.69409
   84    10 22.9739 1.76514
   85    10 24.552 1.823
   86    10 22.356 1.60107
   87    10 23.8809 2.36694
   88    10 21.208 1.85498
   89    10 21.4189 2.41699
   90    10 21.8149 1.97607
   91    10 22.386 1.94897
   92    10 22.0061 1.98706
   93    10 23.6289 2.06592
   94    10 22.6492 2.08789
   95    10 23.262 1.96509
   96    10 23.5859 2.60889
   97    10 23.2119 1.85522
   98    10 22.9841 2.26392
   99    10 23.4031 2.50098
  100    10 24.7971 2.55005
